# Datafile created by QuickNXS 4.13.0
# Datafile created using mr_reduction 2.13.0
# Datafile created using Mantid 6.13.1
# Date: 2025-10-29 11:30:42
# Type: Specular
# Input file indices: 42112,42113
# Extracted states: +-
#
#
# [Data Runs]
#  DB_ID  bg_pos  bck_roi  bg_width  r_Qsteps  r_final_rebin  P0  PN  direct_angle_offset_overwrite direct_beam  dpix   fan  y_pos low_res_roi  y_width  match_direct_beam metadata_roi_bck metadata_roi_peak number  x_pos   peak_roi  x_width  scale_err  scale  set_direct_angle_offset  set_direct_pixel  subtract_background  tof_bin_type  bin_width                                tof_range      tth  use_dangle                                                                   File
#      0    27.5 [17, 38]      21.0     -0.02              0   1   1                            0.0        None 194.0 False  167.0  [127, 207]     80.0               True         [17, 38]        [163, 184]  42112  173.5 [163, 184]     21.0        0.0    1.0                    False             False                 True             0        400 [11413.560217325685, 45388.809236341694] 0.137407       False /home/ge2/dev/ornl/quicknxs/tests/data/quicknxs-data/REF_M_42112.nxs.h5
#      0    27.5 [17, 38]      21.0     -0.02              1   1   1                            0.0        None 194.0 False  167.0  [127, 207]     80.0               True         [17, 38]        [132, 152]  42113  142.0 [132, 152]     20.0        0.0    1.0                    False             False                 True             0        400 [11413.560217325685, 45388.809236341694] 0.379784       False /home/ge2/dev/ornl/quicknxs/tests/data/quicknxs-data/REF_M_42113.nxs.h5
#
# [Peak 1 Runs]
#  DB_ID  bg_pos  bck_roi  bg_width  r_Qsteps  r_final_rebin  P0  PN  direct_angle_offset_overwrite direct_beam  dpix   fan  y_pos low_res_roi  y_width  match_direct_beam metadata_roi_bck metadata_roi_peak number  x_pos   peak_roi  x_width  scale_err  scale  set_direct_angle_offset  set_direct_pixel  subtract_background  tof_bin_type  bin_width                                tof_range      tth  use_dangle                                                                   File
#      0    27.5 [17, 38]      21.0     -0.02              0   1   1                            0.0        None 194.0 False  167.0  [127, 207]     80.0               True         [17, 38]        [163, 184]  42112  173.5 [163, 184]     21.0        0.0    1.0                    False             False                 True             0        400 [11413.560217325685, 45388.809236341694] 0.137407       False /home/ge2/dev/ornl/quicknxs/tests/data/quicknxs-data/REF_M_42112.nxs.h5
#      0    27.5 [17, 38]      21.0     -0.02              1   1   1                            0.0        None 194.0 False  167.0  [127, 207]     80.0               True         [17, 38]        [132, 152]  42113  142.0 [132, 152]     20.0        0.0    1.0                    False             False                 True             0        400 [11413.560217325685, 45388.809236341694] 0.379784       False /home/ge2/dev/ornl/quicknxs/tests/data/quicknxs-data/REF_M_42113.nxs.h5
#
# [Global Options]
# name                        value
# sample_size                    10.0
# binning_type_global         Const Q
# binning_q_step_global         -0.02
# normalize_to_unity             True
# total_reflectivity_q_cutoff    0.01
# global_stitching              False
# polynomial_stitching          False
# polynomial_stitching_degree       3
# polynomial_stitching_points       3
# apply_deadtime                False
# paralyzable_deadtime           True
# deadtime_value                  4.2
# deadtime_tof_step               100
# lock_direct_beam_y            False
# use_roi                        True
# update_peak_range             False
# use_peak_finder               False
# use_low_res_finder            False
# use_tight_bck                 False
# bck_offset                        5
# use_metadata_bck_roi           True
#
# [Data]
#     Qz [1/A]	    R [a.u.]	   dR [a.u.]	   dQz [1/A]	 theta [rad]
6.434952e-03      	4.801586e-03      	1.669906e-03      	4.982947e-04      	4.322784e-03
6.492907e-03      	4.321428e-03      	1.599385e-03      	5.027875e-04      	4.322784e-03
6.551915e-03      	5.761904e-03      	1.663318e-03      	5.073621e-04      	4.322784e-03
6.612006e-03      	8.162697e-03      	2.098202e-03      	5.120207e-04      	4.322784e-03
6.673209e-03      	9.123014e-03      	2.205347e-03      	5.167658e-04      	4.322784e-03
6.735556e-03      	1.008333e-02      	2.254580e-03      	5.215996e-04      	4.322784e-03
6.799078e-03      	1.104365e-02      	2.503763e-03      	5.265249e-04      	4.322784e-03
6.863810e-03      	1.104365e-02      	2.503763e-03      	5.315440e-04      	4.322784e-03
6.929787e-03      	1.248412e-02      	2.545078e-03      	5.366599e-04      	4.322784e-03
6.997044e-03      	1.296428e-02      	2.589976e-03      	5.418753e-04      	4.322784e-03
7.065620e-03      	8.642855e-03      	2.366248e-03      	5.471930e-04      	4.322784e-03
7.135553e-03      	1.872619e-02      	3.038597e-03      	5.526163e-04      	4.322784e-03
7.206885e-03      	1.584523e-02      	2.844519e-03      	5.581482e-04      	4.322784e-03
7.279657e-03      	1.296428e-02      	2.726273e-03      	5.637921e-04      	4.322784e-03
7.353913e-03      	1.776587e-02      	3.042208e-03      	5.695513e-04      	4.322784e-03
7.429700e-03      	1.824603e-02      	3.000420e-03      	5.754295e-04      	4.322784e-03
7.507065e-03      	2.256746e-02      	3.364375e-03      	5.814304e-04      	4.322784e-03
7.586059e-03      	2.112698e-02      	3.259964e-03      	5.875579e-04      	4.322784e-03
7.666733e-03      	2.304761e-02      	3.398466e-03      	5.938160e-04      	4.322784e-03
7.749141e-03      	3.121031e-02      	3.963646e-03      	6.002090e-04      	4.322784e-03
7.833339e-03      	2.880952e-02      	3.815460e-03      	6.067412e-04      	4.322784e-03
7.919388e-03      	2.736904e-02      	3.658280e-03      	6.134173e-04      	4.322784e-03
8.007348e-03      	3.841269e-02      	4.294669e-03      	6.202421e-04      	4.322784e-03
8.097284e-03      	3.841269e-02      	4.405713e-03      	6.272206e-04      	4.322784e-03
8.189263e-03      	4.705555e-02      	4.903398e-03      	6.343580e-04      	4.322784e-03
8.283356e-03      	4.801586e-02      	4.901158e-03      	6.416599e-04      	4.322784e-03
8.379636e-03      	4.705555e-02      	4.828946e-03      	6.491320e-04      	4.322784e-03
8.478181e-03      	5.905951e-02      	5.503652e-03      	6.567804e-04      	4.322784e-03
8.579071e-03      	6.866268e-02      	5.825384e-03      	6.646113e-04      	4.322784e-03
8.682391e-03      	6.098015e-02      	5.586805e-03      	6.726314e-04      	4.322784e-03
8.788230e-03      	6.530157e-02      	5.706380e-03      	6.808476e-04      	4.322784e-03
8.896681e-03      	8.546824e-02      	6.555193e-03      	6.892673e-04      	4.322784e-03
9.007843e-03      	8.066665e-02      	6.395824e-03      	6.978980e-04      	4.322784e-03
9.121817e-03      	9.459125e-02      	6.881210e-03      	7.067478e-04      	4.322784e-03
9.238713e-03      	1.181190e-01      	7.578948e-03      	7.158252e-04      	4.322784e-03
9.358643e-03      	1.161984e-01      	7.549921e-03      	7.251392e-04      	4.322784e-03
9.481728e-03      	1.445277e-01      	8.502624e-03      	7.346989e-04      	4.322784e-03
9.608094e-03      	1.334841e-01      	8.214315e-03      	7.445144e-04      	4.322784e-03
9.737874e-03      	1.454881e-01      	8.501333e-03      	7.545961e-04      	4.322784e-03
9.871207e-03      	1.450079e-01      	8.516171e-03      	7.649549e-04      	4.322784e-03
1.000824e-02      	1.709365e-01      	9.231280e-03      	7.756024e-04      	4.322784e-03
1.014914e-02      	1.887023e-01      	9.682301e-03      	7.865509e-04      	4.322784e-03
1.029405e-02      	2.002261e-01      	1.000024e-02      	7.978135e-04      	4.322784e-03
1.044317e-02      	2.386388e-01      	1.080547e-02      	8.094036e-04      	4.322784e-03
1.059667e-02      	2.535238e-01      	1.110956e-02      	8.213361e-04      	4.322784e-03
1.075475e-02      	2.616865e-01      	1.130596e-02      	8.336261e-04      	4.322784e-03
1.091762e-02      	2.631269e-01      	1.138965e-02      	8.462901e-04      	4.322784e-03
1.108549e-02      	2.866547e-01      	1.190570e-02      	8.593454e-04      	4.322784e-03
1.125861e-02      	2.948174e-01      	1.195861e-02      	8.728106e-04      	4.322784e-03
1.143722e-02      	2.928968e-01      	1.202087e-02      	8.867051e-04      	4.322784e-03
1.162159e-02      	2.760912e-01      	1.164936e-02      	9.010500e-04      	4.322784e-03
1.181201e-02      	2.453611e-01      	1.099782e-02      	9.158676e-04      	4.322784e-03
1.200876e-02      	2.203928e-01      	1.051923e-02      	9.311815e-04      	4.322784e-03
1.221218e-02      	2.227936e-01      	1.055101e-02      	9.470173e-04      	4.322784e-03
1.242261e-02      	1.930238e-01      	9.776523e-03      	9.634021e-04      	4.322784e-03
1.264043e-02      	1.901428e-01      	9.717953e-03      	9.803651e-04      	4.322784e-03
1.286601e-02      	1.781389e-01      	9.442345e-03      	9.979374e-04      	4.322784e-03
1.309979e-02      	1.411666e-01      	8.492934e-03      	1.016153e-03      	4.322784e-03
1.334223e-02      	1.267619e-01      	8.105333e-03      	1.035047e-03      	4.322784e-03
1.359381e-02      	1.094762e-01      	7.623722e-03      	1.054658e-03      	4.322784e-03
1.385506e-02      	1.142778e-01      	7.695389e-03      	1.075030e-03      	4.322784e-03
1.412655e-02      	1.234008e-01      	7.944585e-03      	1.096205e-03      	4.322784e-03
1.440889e-02      	1.286825e-01      	8.176807e-03      	1.118234e-03      	4.322784e-03
1.470274e-02      	1.248412e-01      	8.003101e-03      	1.141169e-03      	4.322784e-03
1.500883e-02      	1.310833e-01      	8.143845e-03      	1.165068e-03      	4.322784e-03
1.532794e-02      	1.109166e-01      	7.716047e-03      	1.189992e-03      	4.322784e-03
1.566091e-02      	1.282024e-01      	8.133053e-03      	1.216009e-03      	4.322784e-03
1.600867e-02      	1.195595e-01      	7.873793e-03      	1.243192e-03      	4.322784e-03
1.637222e-02      	1.248412e-01      	8.137776e-03      	1.271624e-03      	4.322784e-03
1.675267e-02      	1.570119e-01      	8.956630e-03      	1.301391e-03      	4.322784e-03
1.714533e-02      	-2.804035e-03     	1.906973e-03      	1.317953e-03      	1.123773e-02
1.715122e-02      	1.622936e-01      	9.228901e-03      	1.332590e-03      	4.322784e-03
1.748824e-02      	1.095080e-03      	2.068905e-03      	1.344359e-03      	1.123773e-02
1.756920e-02      	1.762182e-01      	9.470208e-03      	1.365328e-03      	4.322784e-03
1.783800e-02      	-4.429304e-03     	1.868268e-03      	1.371296e-03      	1.123773e-02
1.800806e-02      	2.045476e-01      	1.007952e-02      	1.399722e-03      	4.322784e-03
1.819477e-02      	-4.417574e-03     	2.035942e-03      	1.398775e-03      	1.123773e-02
1.846940e-02      	1.992658e-01      	1.002546e-02      	1.435901e-03      	4.322784e-03
1.855866e-02      	-3.621344e-03     	2.308460e-03      	1.426807e-03      	1.123773e-02
1.892983e-02      	4.911677e-04      	2.687591e-03      	1.455403e-03      	1.123773e-02
1.895501e-02      	1.858214e-01      	9.747845e-03      	1.474009e-03      	4.322784e-03
1.930843e-02      	4.360104e-04      	2.748346e-03      	1.484575e-03      	1.123773e-02
1.946683e-02      	1.152381e-01      	7.662505e-03      	1.514205e-03      	4.322784e-03
1.969460e-02      	-5.655172e-03     	2.818704e-03      	1.514334e-03      	1.123773e-02
2.000707e-02      	2.304761e-02      	3.638721e-03      	1.556665e-03      	4.322784e-03
2.008849e-02      	-2.662088e-03     	2.858437e-03      	1.544692e-03      	1.123773e-02
2.049026e-02      	-3.050886e-03     	3.312543e-03      	1.575662e-03      	1.123773e-02
2.057815e-02      	6.722221e-03      	1.926342e-03      	1.601589e-03      	4.322784e-03
2.090007e-02      	-4.417137e-03     	3.346742e-03      	1.607255e-03      	1.123773e-02
2.118278e-02      	0.000000e+00      	0.000000e+00      	1.649198e-03      	4.322784e-03
2.131807e-02      	1.898793e-03      	3.577714e-03      	1.639486e-03      	1.123773e-02
2.174443e-02      	-7.859527e-04     	4.013197e-03      	1.672366e-03      	1.123773e-02
2.182403e-02      	-4.801586e-04     	1.047792e-04      	1.699741e-03      	4.322784e-03
2.217932e-02      	-1.469351e-02     	3.746340e-03      	1.705910e-03      	1.123773e-02
2.250531e-02      	-4.801586e-04     	1.047792e-04      	1.753500e-03      	4.322784e-03
2.262290e-02      	-1.239767e-03     	4.165928e-03      	1.740130e-03      	1.123773e-02
2.307536e-02      	3.512777e-03      	4.482165e-03      	1.775041e-03      	1.123773e-02
2.323049e-02      	4.801586e-04      	4.801586e-04      	1.810794e-03      	4.322784e-03
2.353687e-02      	-1.384281e-02     	4.266724e-03      	1.810657e-03      	1.123773e-02
2.400397e-02      	4.801586e-04      	6.870832e-04      	1.871986e-03      	4.322784e-03
2.400761e-02      	-5.526001e-04     	5.191940e-03      	1.846992e-03      	1.123773e-02
2.448776e-02      	-6.195924e-03     	4.789823e-03      	1.884061e-03      	1.123773e-02
2.497751e-02      	-1.672653e-02     	4.877355e-03      	1.921880e-03      	1.123773e-02
2.547706e-02      	-1.783536e-02     	5.121167e-03      	1.960463e-03      	1.123773e-02
2.598660e-02      	-1.717534e-02     	5.781522e-03      	1.999827e-03      	1.123773e-02
2.650634e-02      	-1.988751e-02     	6.064872e-03      	2.039988e-03      	1.123773e-02
2.703646e-02      	-3.545739e-03     	6.376549e-03      	2.080962e-03      	1.123773e-02
2.757719e-02      	-6.672229e-03     	6.804158e-03      	2.122766e-03      	1.123773e-02
2.812874e-02      	7.360497e-03      	7.246858e-03      	2.165417e-03      	1.123773e-02
2.869131e-02      	7.415297e-04      	7.284773e-03      	2.208933e-03      	1.123773e-02
2.926514e-02      	-9.530007e-03     	7.562707e-03      	2.253333e-03      	1.123773e-02
2.985044e-02      	3.897263e-03      	8.256472e-03      	2.298634e-03      	1.123773e-02
3.044745e-02      	5.822562e-03      	8.067138e-03      	2.344855e-03      	1.123773e-02
3.105640e-02      	-1.311853e-04     	7.876778e-03      	2.392016e-03      	1.123773e-02
3.167753e-02      	-5.051627e-04     	8.476935e-03      	2.440136e-03      	1.123773e-02
3.231108e-02      	-6.047436e-03     	8.130472e-03      	2.489236e-03      	1.123773e-02
3.295730e-02      	-7.571868e-03     	8.648537e-03      	2.539336e-03      	1.123773e-02
3.361644e-02      	-4.017593e-04     	9.059247e-03      	2.590457e-03      	1.123773e-02
3.428877e-02      	1.372541e-02      	9.498488e-03      	2.642621e-03      	1.123773e-02
3.497455e-02      	2.016098e-03      	9.370608e-03      	2.695850e-03      	1.123773e-02
3.567404e-02      	-8.811760e-03     	9.213878e-03      	2.750166e-03      	1.123773e-02
3.638752e-02      	-1.413683e-03     	9.755586e-03      	2.805593e-03      	1.123773e-02
3.711527e-02      	-2.778708e-03     	1.023853e-02      	2.862155e-03      	1.123773e-02
3.785758e-02      	-1.076196e-02     	1.023013e-02      	2.919875e-03      	1.123773e-02
3.861473e-02      	-6.851275e-03     	1.037576e-02      	2.978779e-03      	1.123773e-02
3.938702e-02      	3.567029e-03      	1.083268e-02      	3.038892e-03      	1.123773e-02
4.017476e-02      	7.529150e-04      	1.099407e-02      	3.100239e-03      	1.123773e-02
4.097826e-02      	-1.035511e-02     	1.097333e-02      	3.162849e-03      	1.123773e-02
4.179782e-02      	-1.455530e-02     	1.110001e-02      	3.226747e-03      	1.123773e-02
4.263378e-02      	-6.382813e-04     	1.164239e-02      	3.291963e-03      	1.123773e-02
4.348646e-02      	-2.281839e-02     	1.205960e-02      	3.358525e-03      	1.123773e-02
4.435618e-02      	4.582879e-03      	1.225814e-02      	3.426461e-03      	1.123773e-02
4.524331e-02      	2.830511e-03      	1.244363e-02      	3.495804e-03      	1.123773e-02
4.614817e-02      	4.920838e-03      	1.309648e-02      	3.566582e-03      	1.123773e-02
4.707114e-02      	1.280288e-02      	1.384229e-02      	3.638829e-03      	1.123773e-02
4.801256e-02      	-8.229583e-04     	1.350895e-02      	3.712577e-03      	1.123773e-02
4.897281e-02      	1.160138e-02      	1.354226e-02      	3.787858e-03      	1.123773e-02
4.995227e-02      	5.416591e-03      	1.281402e-02      	3.864708e-03      	1.123773e-02
5.095131e-02      	-5.147284e-03     	1.169479e-02      	3.943162e-03      	1.123773e-02
5.197034e-02      	-1.904026e-02     	9.141869e-03      	4.023255e-03      	1.123773e-02
5.300975e-02      	-4.802862e-03     	6.027173e-03      	4.105025e-03      	1.123773e-02
5.406994e-02      	5.734017e-04      	3.986893e-03      	4.188509e-03      	1.123773e-02
5.515134e-02      	1.720731e-03      	2.378278e-03      	4.273748e-03      	1.123773e-02
5.625437e-02      	-2.983301e-04     	1.022565e-03      	4.360781e-03      	1.123773e-02
5.737945e-02      	-3.051322e-04     	5.629401e-04      	4.449649e-03      	1.123773e-02
5.852704e-02      	7.855512e-04      	9.866083e-04      	4.540395e-03      	1.123773e-02
5.969758e-02      	2.265827e-04      	5.246514e-04      	4.633063e-03      	1.123773e-02
6.089154e-02      	3.070396e-06      	3.022196e-04      	4.727696e-03      	1.123773e-02
6.210937e-02      	3.740720e-05      	1.044487e-03      	4.824343e-03      	1.123773e-02
6.335155e-02      	3.375982e-04      	1.031800e-03      	4.923049e-03      	1.123773e-02
6.461859e-02      	7.855512e-04      	1.018085e-03      	5.023865e-03      	1.123773e-02
